INSTANCE 15
ROBOTS 4
TASKS 12
DEPOTS 2

Z
1 1 1 1 0 0 0 0 0 1 1 0
1 0 0 0 1 1 1 1 0 0 0 0
1 1 1 0 0 0 0 0 1 1 1 0
0 1 1 0 0 0 1 0 1 1 1 1

THETA
71 219.60000000018985 298 8.25 11.250000000000002 9.3499999999999996 135 11.699999999999999 237 211 246.12559013162794 28

TAU
71 219.60000000018985 298 278.60000000018988 nan nan nan nan nan 211 246.12559013162794 nan
71 nan nan nan 369 204 135 240 nan nan nan nan
71 219.60000000018985 298 nan nan nan nan nan 237 211 246.12559013162794 nan
nan 219.60000000018985 298 nan nan nan 135 nan 237 211 246.12559013162794 326

END_DEPOT
1 0 1 1
